AVE._MEDITERRANEA 2 10 30 90 160 250 50 60
AVE._BALTICA 4 20 60 180 320 450 50 60
FERROCARRIL_READING 25 50 100 200 200
AVE._ORIENTAL 6 30 90 270 400 550 50 100
AVE._VERMONT 6 30 90 270 400 550 50 100
AVE._CONNECTICUT 8 40 100 300 450 600 50 120
PLAZA_SAN_CARLOS 10 50 150 450 625 750 100 140
COMPAÑIA_DE_ELECTRICIDAD 150
AVE._DE_LOS_ESTADOS 10 50 150 450 625 750 100 140
AVE._VIRGINIA 12 60 180 500 700 900 100 160
FERROCARRIL_PENSILVANIA 25 50 100 200 200
PLAZA_SANTIAGO 14 70 200 550 750 950 100 180
AVE._TENNESSEE 14 70 200 550 750 950 100 180
AVE._NUEVA_YORK 16 80 220 600 800 1000 100 200
AVE._KENTUCKY 18 90 250 700 875 1050 150 220
AVE._INDIANA 18 90 250 700 875 1050 150 220
AVE._ILLINOIS 20 100 300 750 925 1100 150 240
FERROCARRIL_B_&_O 25 50 100 200 200
AVE._ATLANTICA 22 110 330 800 975 1150 150 260
AVE._VENTNOR 22 110 330 800 975 1150 150 260
OBRAS_DE_AGUA_POTABLE 150
JARDINES_MARVIN 24 120 360 850 1025 1200 150 280
AVE._PACIFICA 26 130 390 900 1100 1275 200 300
AVE._CAROLINA_DEL_NORTE 26 130 390 900 1100 1275 200 300
AVE._PENSILVANIA 28 150 450 1000 1200 1400 200 320
FERROCARRIL_SHORT_LINE 25 50 100 200 200
PLAZA_DEL_PARQUE 35 175 500 1100 1300 1500 200 350
PASEO_TABLADO 50 200 600 1400 1700 2000 200 400
